000066.956, 000021.7753,     0088.93576,0096.089,   0028.931093
00067.002849, 0075.477968,    00021.842147,    54.79243,     00092.572819
  07.39377,  82.1682259,      00061.721822,    0079.1828197,    0023.4172
    00083.7253,00009.31863, 0037.11985,  080.71184764,00088.101044
    0040.111,      62.12809,00080.735, 047.991844, 0000012.843
    5.462637,  00017.4253,8.639760422,     0058.3882868,     0000069.614
     00069.342,     94.2997463,     000054.9638,     00079.10318,   000060.485
     047.01193496,     0035.577953,36.5483348,     000000086.76, 50.9613622
0073.214268,   0018.6428,000068.287, 000028.293,     9.8517121
    0061.989,      81.1660986,      00025.0194,   00062.4073,     16.95814843
     70.39247716,    0000040.425, 00000051.976,   35.37701,      0038.9306
     00082.559,  000027.3032,   93.37407899,0081.8857,  000054.65677
   073.69164226,   0077.9228803, 052.8780731,   049.71156768,83.01748471
     0000089.523,08.330035,   0039.730317,     088.664267,     000087.7059
 000052.308, 00000035.661,     044.86586,     000089.43529,70.86021821
 5.13827771, 0000018.333,     0042.9288385,      38.890564,      000089.54
      026.16744,  0000083.004,      00051.31312,      68.90947,      86.95155146
  03.3078895,     0008.095679,  34.415192, 0083.30782,    0064.1308
     078.897298,0072.916587,      84.986307,   0091.810154,044.57067
  000005.3264,  000026.271,   28.92359333,    92.24977513,     85.41133
80.21688253,     36.93854949,   68.663067,00070.695472,      2.29362373
    0079.709,   00034.6951,44.73298,     35.33573571,  0055.47089
     00078.0739,   000045.30377,   016.8265284,   43.42391429,      000082.549
      076.43422,  0094.74842,   00050.55622, 68.22348446,    0000052.793
      70.3904008,      8.501059,27.04918985,    4.376153924,      0026.909292
 0046.337,      0067.648,     00088.42464,      0037.2431637,      00000098.814
94.61058764, 85.68296117,  18.52115,   036.95574,     00098.781
    00059.918,0058.958275,000018.88551,  14.98252,79.60994341
   62.31121023,72.6937865,  22.35654803,   83.10134987,     30.1439309
  043.631451,      0055.7472914,    0072.1079,      010.66979, 4.601254
      068.6927022,  22.85628127,     033.25275,      82.9608024,    00041.41
    0.12856668,063.8134243,  64.528979, 0.6001966318,093.26498015
    0089.50547,   0027.4673,52.491923,      036.1683,     085.9062
     030.26806308, 0000039.525,   48.2165892, 073.7296507, 00055.5533
      25.2749338,    084.22337,      00084.554367,22.36127104,1.1109391
    000095.436,    00023.059,      0099.91674,0024.2914546,      91.78136596
0068.8155,    43.69930945,  0022.1352963,000069.92554, 0064.312
     00029.8229,      000082.52608,   000031.40259,  038.7093,    046.5164838
      89.41034844,    097.12678,99.15591177,     00027.08122,   70.3698266
      1.626938885,  00077.812,  26.21139624,     057.537078,     093.0482
     97.7671626,  000080.166,     0000049.896, 00025.61818,  0080.697703
     65.245678,    87.2869193, 90.5657358,4.608911,      91.4184721
  85.2431015, 000045.15421,      89.81852791, 0056.62178,  0089.5391148
    0000081.8509, 000011.52821,     28.7308935,     0023.568068, 0000018.138
   034.62206166,     06.89810494,  00023.662399,     000046.03913,7.872823
   0016.160013, 000074.28594,      87.525845, 000077.86583,  070.5446
00000076.594, 39.01511269, 0065.8717, 00094.322,     49.40397576
      96.4546168,000077.795,      00046.725596,     0005.592607,0024.97394
 029.19798,      95.548154,  04.1808953,      0054.2913,   0016.853
      0062.359, 000085.3478,    32.12516655,      43.7846072,    00094.153
   35.5191485,016.557229, 000019.69993,     90.9387848, 48.51199872
  39.74650825,     0099.18576, 0057.00194,    0000057.086,   000040.49589
     00000.637102,  096.2978, 0041.632228, 33.0124558,3.85864854
 033.71523,      031.02928,  47.59633367,     00099.89871,     32.64694
  36.86009325,      13.63223605,   87.9715458,      0092.0426308,   05.2851571
   0061.93125,     00.174521,     000064.05716,   4.8087061, 095.862194
     0085.9125708,     72.28074708,0.1409819989,0002.65015,     016.50603
000030.5034,0064.92807,   000064.27151,  017.30410488,21.93417199
     0060.455406,   000038.2543,    00077.74672,    00039.573758,  064.80409091
   00000082.065,    00000041.568,   000055.4484,   0015.89128,091.67936
   85.67486266,      000044.9339,   005.278549,  66.43788824, 46.66082589
    00000099.265,      00000089.183,     022.304981,   081.9571103,      000089.99
     000042.91043, 17.097978,  25.00080259,      63.7319663,      00054.62541
   79.937822,     84.48057592,     071.420032,  0000088.1384,000054.641
    000085.939, 0021.7747,      0023.3439828,      56.14575855,     0000010.401
     21.322496,   00035.7663,     0000016.8218, 00039.58867,0000061.099
091.4335198,70.0321027,    0093.537,    0000022.979, 0000072.02
      13.22241013,     74.2298533,      44.341569,   67.832714,    0066.51872
      00074.226,   00000005.017,000060.2168, 90.11138,    50.158321
 79.23537071,     055.05502831,      00000067.227, 38.39891314,      18.95284388
      00042.0494,  62.4136324,    0000020.086,    00094.34608, 00097.978
 7.33774974,      00046.606,0.00363400989,    59.27692453,   55.389085
  26.7582969,   00048.491763,     0050.278953, 0080.5200082,   23.1871171
 65.1206852,  46.6981484,  0097.6746,000024.61069,   000074.78249
 026.34302898,     90.9865871, 18.423261,75.817673,      00000022.313
     0068.42136,     0000049.9015, 00036.1306,    0000035.702,      45.42222601
  44.3421926,0021.4226295, 020.9062,  83.680463,    000053.519
     56.02665288,   49.100072, 000061.4911,078.988144, 0056.9593
  00039.607,00095.487,  0085.7728843,      0052.594,      000031.28156
     51.311444,036.8235643,     000041.0877,     3.19888632,0025.019
      0.9200423138,    65.01847,    00000026.365,      27.33243406,    0087.6823613
 7.02210009,   0048.1049,10.86556949,  0041.065,    000055.75
 00018.254568, 000087.23381,    056.34713686,   0000057.6665,0005.2234207
      72.002915,  61.6889773, 42.03811,75.72910018,009.4913
     005.1173,    0000084.0728,   0000031.104,   0089.243,     77.7243618
  015.9522,  11.257078,      79.904133, 000038.70994,      23.67673293
000095.9556,   0069.4017249, 079.42496261, 00024.25274,    0000016.751
    00.856921749,      05.541967,   000063.744,00015.98284,0070.14903
0056.33261,     0077.244, 00000076.652,   00000075.709,     000032.80254
    0051.5089,      0093.46371,    21.79540067, 15.6158875, 72.9169108
00001.61424, 0090.044466,  11.8873828,  00043.844, 81.4998368
097.58389522,    000.0525894,0000021.7662,   000086.8959,57.83850825
     00000099.61,   00060.20224,   00000083.56,58.29786502, 000010.4349
  33.2394728,     000030.9984,  0043.4667712,   0000003.8122,   44.553933
00000097.251,     0000087.623,0066.5586082,   87.12659098, 065.6185
    2.3265969,  089.6963,    010.89400333,   0000000071.4,00028.716119
    6.316330741,   000066.201,    047.285285,      066.0059,      000000054.74
     0085.177246,00040.675, 96.6502254,54.790944,032.915466
   00000043.282,      23.79836,008.95941,     0065.304,  0000047.5943
 0079.057983,048.0954,     000053.967,34.88722393,      00086.599255
