7.2111
5.3852
2.2361
5.3852
4.4721
3.1623
5.831
5.0
4.1231
5.0
3.6056
5.0
9.0554
5.099
5.3852
5.0
3.1623
6.7082
4.1231
8.2462
5.3852
3.6056
5.0
6.7082
1.0
11.1803
2.2361
1.4142
6.4031
1.0
2.2361
2.0
3.1623
3.0
5.099
3.0
3.6056
5.0
5.0
5.0
6.4031
3.6056
3.0
3.1623
1.4142
5.3852
4.4721
5.831
2.8284
5.0
1.4142
10.6301
4.1231
5.0
6.3246
2.2361
5.099
6.7082
5.831
10.6301
7.2801
5.099
5.099
6.3246
8.2462
2.8284
7.8102
5.099
2.0
5.099
2.2361
2.0
6.4031
5.831
4.4721
7.0
13.0384
4.2426
8.0623
3.6056
6.0828
3.1623
1.4142
5.0
8.2462
4.1231
1.4142
2.2361
4.0
7.2801
3.6056
3.0
6.0828
5.0
8.2462
3.0
1.0
4.1231
0.0
8.9443
1.0
7.0
3.6056
4.2426
3.0
3.0
5.0
1.0
2.0
3.1623
5.0
2.2361
4.4721
6.0828
5.6569
4.4721
6.0828
9.0554
2.2361
6.4031
4.4721
8.0
2.2361
6.0828
7.0
6.7082
3.6056
3.1623
6.4031
5.0
3.6056
7.0
7.8102
0.0
1.0
2.0
7.2111
2.8284
6.0828
0.0
3.0
0.0
2.2361
5.831
3.6056
6.3246
3.0
2.0
2.8284
3.1623
1.4142
0.0
7.0711
5.0
2.0
4.2426
2.0
6.0828
5.0
9.2195
3.1623
8.4853
5.831
3.0
5.831
9.4868
2.0
1.0
2.0
4.1231
4.4721
8.0623
9.2195
3.1623
4.4721
5.3852
1.4142
3.6056
4.0
4.4721
4.4721
1.4142
4.1231
1.0
4.1231
4.4721
4.2426
2.2361
7.2111
5.099
5.0
7.0711
3.6056
6.4031
1.4142
4.1231
6.4031
4.1231
6.0828
7.8102
2.8284
5.099
2.8284
5.831
6.7082
4.1231
10.0
3.1623
6.7082
12.1655
3.6056
4.0
1.0
2.0
9.2195
5.3852
5.0
6.3246
1.0
5.0
5.099
7.0711
5.3852
7.6158
1.4142
4.1231
2.2361
4.4721
2.0
2.8284
6.0
3.6056
5.0
2.2361
7.2111
10.4403
2.0
5.0
6.7082
5.099
1.0
5.0
3.1623
9.4868
5.0
5.0
7.2111
4.0
3.1623
4.4721
6.3246
1.0
8.544
1.4142
9.4868
6.0828
3.0
2.0
7.8102
5.831
6.4031
5.099
2.0
4.1231
5.0
5.831
2.8284
4.1231
5.6569
10.7703
6.0
5.6569
1.4142
4.2426
2.2361
4.0
7.6158
7.0711
5.0
12.2066
3.1623
8.2462
1.0
4.1231
5.0
2.0
2.2361
1.4142
2.2361
7.2801
8.0623
4.4721
4.1231
5.831
2.2361
6.3246
5.831
4.0
3.6056
6.3246
3.6056
4.2426
2.0
5.3852
7.8102
8.544
5.831
1.0
5.0
5.831
4.1231
5.099
4.1231
4.0
1.4142
6.0828
5.831
5.6569
7.6158
2.8284
2.0
11.4018
4.1231
3.1623
9.434
5.0
3.1623
2.2361
2.8284
5.099
9.2195
4.1231
5.0
4.4721
12.8062
6.0828
6.0828
4.4721
4.2426
7.0711
2.8284
5.6569
3.1623
2.8284
1.0
4.2426
8.6023
2.2361
6.0
10.6301
8.6023
4.4721
3.1623
2.0
4.2426
2.0
6.0828
6.4031
6.3246
6.0828
6.3246
3.0
3.1623
7.0711
5.0
3.0
3.1623
2.0
3.0
8.0623
4.2426
1.4142
2.2361
6.4031
4.4721
5.831
2.2361
5.831
4.4721
4.4721
8.9443
3.1623
4.4721
4.4721
1.4142
4.2426
8.0
4.1231
6.4031
9.434
5.099
5.6569
5.3852
4.1231
5.3852
2.2361
6.3246
7.6158
6.4031
4.2426
5.6569
9.434
6.0828
5.831
2.8284
5.3852
5.0
11.7047
2.0
6.3246
9.2195
1.0
3.1623
2.2361
4.4721
3.1623
5.099
2.0
2.2361
1.0
7.0
2.2361
8.6023
5.0
5.3852
14.0
3.1623
4.1231
1.0
3.6056
7.0711
3.1623
2.0
2.2361
5.099
7.0711
5.099
5.0
2.2361
1.4142
5.831
1.0
4.0
7.2801
5.831
4.2426
6.0828
2.2361
9.2195
6.4031
3.6056
4.4721
3.0
3.6056
4.0
1.4142
7.0711
3.0
3.6056
5.0
1.0
4.2426
7.0711
10.4403
10.4403
1.4142
5.831
6.4031
2.2361
5.3852
4.4721
5.0
1.0
9.4868
4.4721
2.2361
1.0
2.8284
2.2361
7.6158
4.1231
4.4721
4.0
3.6056
4.0
1.4142
8.2462
4.2426
1.0
2.8284
4.1231
9.0554
2.2361
4.2426
5.0
4.4721
4.4721
1.0
3.1623
4.0
4.1231
6.4031
2.2361
6.3246
4.0
6.7082
4.2426
10.0499
2.2361
1.0
4.2426
1.4142
2.2361
6.7082
2.0
1.4142
7.2111
4.1231
3.1623
7.2801
3.0
5.099
4.1231
5.6569
1.4142
5.831
4.0
6.3246
4.0
3.1623
4.2426
3.6056
4.4721
4.1231
10.6301
7.2111
3.6056
6.3246
7.0711
3.1623
9.8995
2.0
2.2361
7.0
3.6056
3.0
3.6056
3.0
3.6056
6.0
11.3137
3.6056
6.0
5.3852
3.0
2.8284
2.8284
5.3852
3.1623
3.6056
3.6056
6.4031
4.1231
4.0
4.2426
1.0
4.0
1.4142
8.9443
0.0
4.1231
1.0
0.0
5.0
2.0
3.0
4.1231
2.8284
7.2801
4.0
7.6158
4.2426
2.2361
2.2361
2.2361
5.3852
6.0828
2.2361
5.6569
2.8284
4.1231
10.2956
7.0711
8.0623
8.0623
8.4853
5.0
8.6023
4.4721
2.8284
3.0
5.831
5.831
6.0
5.0
3.1623
4.1231
5.0
4.1231
10.0499
4.4721
2.2361
3.1623
0.0
4.1231
3.1623
8.9443
6.0828
2.2361
2.8284
5.3852
2.2361
4.4721
8.0623
5.3852
2.2361
7.0711
2.2361
5.0
5.0
8.0623
3.6056
4.2426
2.8284
4.4721
5.0
7.2111
5.0
4.4721
6.0
2.0
8.4853
4.1231
7.0711
5.0
5.0
5.0
7.6158
6.0828
7.2801
1.4142
1.4142
7.2801
0.0
3.0
18.6815
4.4721
5.099
3.6056
2.2361
1.0
5.0
6.4031
4.1231
4.4721
1.0
3.0
2.0
2.8284
3.1623
10.0499
6.0828
1.4142
2.0
5.0
9.434
6.7082
3.1623
9.0554
3.1623
3.6056
5.3852
4.0
5.831
2.8284
2.2361
2.0
9.434
3.6056
3.0
9.8489
5.099
2.2361
4.4721
11.6619
2.2361
5.6569
8.2462
3.6056
2.8284
1.0
4.4721
5.831
6.7082
3.6056
2.2361
7.0711
6.0
8.2462
6.0828
8.0
1.4142
3.6056
6.0828
8.0623
2.0
8.2462
2.0
1.4142
2.2361
10.7703
5.831
8.2462
5.3852
3.1623
4.1231
2.2361
2.8284
4.4721
6.3246
1.4142
6.0
1.0
6.4031
3.1623
7.0711
3.0
3.0
1.0
5.0
4.0
6.0828
4.2426
8.9443
6.3246
5.0
4.4721
1.0
4.0
4.4721
5.3852
3.1623
6.4031
5.3852
3.0
5.0
1.0
2.0
3.1623
4.2426
9.2195
6.3246
9.4868
7.0711
3.6056
1.4142
2.0
1.4142
7.8102
1.0
5.0
2.8284
1.4142
5.831
1.0
3.1623
2.0
3.1623
2.8284
4.0
4.4721
9.0
8.2462
9.2195
2.2361
7.0711
7.0711
5.0
4.4721
8.544
3.6056
3.1623
5.099
3.1623
4.1231
8.6023
7.8102
5.099
1.0
11.7047
5.0
11.4018
1.4142
11.1803
0.0
2.8284
5.0
1.0
2.2361
2.2361
4.4721
6.3246
5.0
3.6056
5.0
6.7082
2.2361
12.0
5.831
3.1623
3.6056
3.6056
6.0828
7.2801
6.0
5.3852
1.4142
2.8284
5.0
9.0554
7.6158
3.6056
1.4142
3.0
6.0828
4.1231
3.0
5.099
8.0
7.0
4.0
1.4142
2.8284
6.7082
4.1231
4.1231
6.4031
7.8102
6.4031
4.4721
3.1623
7.0711
2.8284
3.0
5.099
4.0
