2.2361
2.8284
4.0
10.8167
6.0828
2.2361
6.4031
11.4018
0.0
6.0
5.3852
8.0623
3.1623
5.0
5.3852
7.0
7.0
5.3852
7.2111
1.4142
4.4721
0.0
5.099
7.0711
11.1803
6.4031
3.6056
6.0828
5.3852
6.3246
3.0
3.6056
4.1231
5.099
4.2426
4.2426
5.0
3.6056
8.544
2.0
4.4721
3.6056
6.0
7.0711
5.831
3.1623
12.0416
2.2361
7.2111
2.8284
2.2361
5.6569
0.0
5.0
2.2361
6.0828
8.9443
8.0623
2.0
2.2361
7.2801
7.0711
6.3246
5.0
5.099
2.0
3.0
5.3852
6.3246
3.6056
2.0
3.1623
9.2195
2.2361
7.2111
5.0
8.0623
2.0
7.2801
6.7082
2.2361
4.0
4.2426
5.099
2.8284
3.6056
5.0
5.099
5.0
5.831
6.0
5.0
4.2426
3.6056
2.0
2.2361
3.0
1.0
7.0711
4.1231
5.0
2.2361
2.8284
1.0
7.0
6.0
5.0
2.2361
9.0554
3.1623
3.6056
6.4031
4.0
3.1623
7.0711
0.0
8.9443
1.4142
3.1623
3.0
6.3246
2.2361
5.6569
6.4031
2.0
3.1623
2.8284
9.434
4.1231
8.0623
7.0711
4.4721
2.0
4.4721
4.1231
1.0
6.4031
8.544
5.099
1.4142
3.1623
4.1231
5.3852
7.2111
3.0
6.4031
2.2361
4.1231
5.099
7.2111
8.2462
1.0
5.099
3.1623
3.1623
4.1231
7.2111
6.0828
4.0
5.831
5.0
1.4142
4.1231
5.0
3.6056
2.0
10.2956
3.1623
5.831
4.0
2.0
4.1231
7.6158
5.0
2.2361
5.099
5.0
5.6569
6.3246
9.8489
6.0828
2.2361
4.2426
5.831
7.2111
3.1623
3.1623
2.2361
6.0828
4.0
9.8995
7.0
2.2361
1.0
2.2361
10.8167
4.1231
3.6056
4.1231
9.0554
12.0416
2.0
4.4721
6.0828
3.6056
5.099
1.0
5.0
3.1623
6.0828
6.0
9.8489
1.4142
1.4142
4.4721
2.0
10.6301
11.1803
4.4721
5.099
5.0
2.0
4.0
5.3852
6.3246
5.831
2.2361
5.831
5.831
5.0
9.0554
8.2462
4.1231
7.2111
6.0
3.6056
6.0828
1.4142
3.0
7.2111
6.0828
2.2361
2.8284
5.6569
5.3852
0.0
2.2361
3.6056
5.0
5.0
4.0
2.8284
5.3852
4.4721
3.6056
1.0
7.0
1.0
9.8489
6.4031
3.6056
4.0
5.831
5.831
8.4853
2.2361
7.2111
4.2426
3.0
4.0
1.4142
7.8102
3.1623
5.099
4.0
6.0
5.831
5.3852
4.2426
3.0
6.7082
3.6056
5.831
8.2462
8.9443
3.1623
4.4721
5.0
8.6023
4.1231
0.0
2.2361
8.9443
0.0
8.0623
3.1623
8.9443
7.0
3.1623
4.0
3.6056
4.2426
7.2801
7.2801
5.099
2.2361
5.3852
3.0
2.8284
4.0
1.4142
5.0
2.2361
1.0
5.099
6.3246
0.0
2.0
3.6056
3.6056
3.1623
3.6056
4.1231
6.3246
7.8102
5.0
5.099
6.7082
1.4142
4.1231
5.0
5.0
5.099
2.2361
5.831
3.1623
2.8284
4.0
4.4721
5.3852
6.0828
6.3246
1.0
6.4031
6.7082
7.0711
3.6056
3.1623
7.0711
5.3852
7.0
7.2111
1.0
7.2111
3.6056
4.1231
6.0
5.3852
3.0
4.2426
3.1623
3.6056
2.2361
2.2361
3.6056
4.4721
5.099
7.2801
7.0711
4.0
4.1231
5.099
3.0
4.1231
3.1623
1.4142
4.1231
2.8284
5.3852
5.0
2.2361
2.2361
3.6056
2.2361
1.4142
4.4721
5.099
2.2361
5.0
6.3246
5.0
9.2195
4.0
5.3852
6.3246
1.0
7.8102
3.6056
6.3246
6.4031
3.1623
9.434
5.6569
7.0711
1.0
6.4031
3.6056
2.8284
7.0711
7.0
3.1623
4.1231
2.0
5.099
5.099
5.3852
3.6056
2.0
4.4721
2.2361
4.4721
5.0
3.6056
5.0
2.2361
2.8284
6.4031
9.2195
7.6158
10.2956
5.0
3.6056
6.0828
9.434
7.2801
6.4031
7.2801
4.1231
3.6056
4.1231
4.1231
5.099
6.3246
6.4031
1.0
6.4031
6.4031
0.0
4.0
3.6056
1.0
4.2426
6.7082
7.2111
5.0
2.8284
3.6056
2.0
5.3852
5.099
3.6056
3.6056
1.4142
4.1231
2.2361
4.1231
7.2801
2.2361
3.6056
7.2111
10.0
9.2195
9.434
9.0
5.6569
6.4031
6.0828
3.6056
3.1623
6.0828
4.4721
6.4031
4.4721
0.0
7.2111
7.8102
5.0
3.1623
6.0
9.2195
3.6056
2.0
1.0
10.4403
3.6056
6.0828
4.4721
2.2361
4.1231
4.4721
6.4031
3.6056
4.2426
1.4142
6.3246
10.198
4.1231
2.2361
4.1231
6.0
10.0
7.2111
5.099
5.831
1.0
8.0623
6.4031
8.544
5.3852
4.1231
5.3852
6.3246
4.4721
4.4721
6.0828
4.4721
2.0
5.3852
4.4721
2.2361
5.6569
4.1231
6.0828
5.0
7.2111
5.831
7.6158
7.2111
5.099
5.099
8.6023
4.1231
1.0
3.6056
7.0711
5.3852
2.0
4.4721
7.2111
6.0828
1.0
5.0
5.831
5.831
10.0
3.1623
2.2361
5.0
2.2361
10.7703
7.0711
2.0
5.099
4.0
4.2426
5.099
2.0
5.0
2.0
2.0
2.2361
6.7082
2.2361
7.8102
8.0623
3.1623
2.0
4.4721
2.2361
7.0
8.2462
2.8284
2.8284
5.831
6.4031
2.8284
4.2426
4.2426
3.0
6.3246
8.0623
2.2361
7.0711
3.6056
11.4018
4.1231
3.1623
1.0
7.6158
6.3246
2.0
2.2361
4.2426
7.0711
3.6056
4.4721
2.2361
5.831
1.0
4.1231
3.0
2.8284
2.2361
2.2361
4.1231
3.6056
0.0
3.1623
9.4868
7.2801
5.831
5.0
0.0
4.4721
4.2426
5.0
4.0
4.4721
2.2361
7.2111
5.0
7.2111
8.4853
2.2361
2.2361
10.4403
5.6569
1.4142
4.1231
7.2801
3.0
7.0711
10.0499
5.3852
2.8284
2.2361
5.0
3.0
4.4721
5.0
2.8284
3.6056
1.4142
3.0
9.2195
4.1231
3.6056
7.2801
2.0
1.4142
2.8284
10.0499
7.0711
3.1623
5.099
3.1623
0.0
3.0
1.4142
6.3246
3.6056
4.1231
4.0
5.3852
6.4031
2.8284
1.4142
7.2801
5.099
2.0
5.831
4.0
4.1231
2.2361
4.2426
5.0
4.4721
5.0
4.2426
2.2361
3.0
4.4721
5.3852
4.4721
6.0
4.1231
3.1623
1.0
5.3852
4.2426
3.6056
6.0828
4.0
5.0
4.2426
5.0
2.0
3.6056
4.2426
1.0
5.0
3.6056
4.1231
2.2361
3.6056
5.0
2.2361
11.7047
3.1623
2.0
5.6569
5.0
3.0
2.8284
12.1655
4.1231
5.831
5.0
4.4721
5.0
5.0
6.7082
5.6569
5.099
7.0711
5.3852
5.831
2.8284
2.8284
3.1623
4.2426
7.2801
4.1231
4.1231
3.6056
4.2426
5.3852
7.0711
6.4031
2.0
2.2361
2.2361
8.2462
5.3852
5.6569
2.8284
5.0
6.3246
5.831
9.0
3.6056
11.6619
9.4868
8.0623
5.831
4.0
2.0
3.0
1.0
3.1623
5.0
12.0416
4.2426
1.4142
3.1623
1.4142
6.0828
8.2462
6.4031
3.1623
2.2361
6.3246
3.1623
6.0
1.4142
2.2361
6.3246
5.3852
1.4142
9.0
4.0
12.1655
3.6056
2.2361
9.434
6.7082
6.0
6.0
5.831
3.6056
8.0623
6.0828
3.0
5.3852
2.2361
4.4721
3.6056
5.0
4.1231
0.0
3.6056
3.0
8.0623
5.0
2.2361
8.0623
2.2361
2.0
4.0
4.4721
6.0828
4.4721
5.831
1.4142
2.8284
5.831
7.0711
4.1231
7.2111
6.0828
3.0
5.831
6.3246
5.831
5.3852
4.0
1.4142
7.2801
7.2801
7.0711
5.099
1.4142
3.6056
3.6056
3.0
8.0623
7.2801
4.1231
1.4142
4.1231
4.1231
4.1231
5.6569
2.2361
3.1623
6.4031
9.434
2.2361
3.0
10.0499
2.2361
2.2361
3.1623
9.2195
3.6056
5.831
2.2361
5.099
5.0
3.6056
4.4721
11.7047
2.0
4.0
7.0
5.3852
8.0623
1.4142
3.1623
4.1231
6.4031
7.6158
3.1623
3.6056
2.0
1.0
8.544
7.0711
8.2462
2.2361
14.5602
7.2801
1.4142
7.0711
10.0499
6.4031
5.0
3.1623
9.2195
2.2361
5.0
2.2361
1.4142
2.0
3.0
1.0
3.6056
3.6056
3.6056
2.2361
2.2361
2.2361
1.0
2.2361
2.8284
9.434
8.0623
4.1231
1.0
6.0828
5.3852
6.7082
9.0554
3.0
2.0
5.831
5.099
6.3246
3.6056
8.6023
3.6056
3.6056
1.0
5.099
3.1623
3.6056
9.2195
8.6023
7.2111
7.6158
5.0
6.0
10.198
4.4721
5.099
9.2195
4.1231
3.6056
3.0
11.0
10.8167
3.6056
8.2462
4.4721
3.6056
3.6056
3.1623
11.4018
3.0
5.3852
6.4031
7.2111
3.6056
3.1623
1.0
4.2426
5.099
2.2361
4.2426
4.1231
7.6158
7.2801
4.2426
11.0454
4.4721
7.0711
8.2462
8.544
7.2111
4.0
1.0
2.2361
8.0623
7.8102
5.3852
1.4142
3.1623
3.1623
3.1623
2.2361
1.4142
7.2111
7.6158
1.0
7.0
0.0
3.1623
5.831
2.2361
2.2361
5.6569
3.0
5.6569
4.4721
2.2361
8.2462
5.0
1.0
6.0
8.0623
10.6301
3.0
2.2361
3.1623
4.4721
6.4031
2.2361
6.0
5.0
13.0384
2.2361
4.2426
2.2361
2.2361
2.2361
5.0
4.0
5.831
6.7082
2.0
5.0
1.4142
7.0711
9.2195
6.7082
4.4721
6.3246
2.0
7.8102
2.8284
6.7082
8.2462
2.0
4.1231
1.0
4.4721
2.0
10.0
2.8284
9.2195
3.1623
5.3852
6.0828
6.4031
5.3852
2.8284
4.1231
10.0499
3.1623
3.0
8.2462
7.0711
8.6023
1.4142
3.1623
5.099
7.2801
9.2195
1.4142
4.4721
8.0623
7.0711
1.4142
3.1623
5.0
3.1623
2.2361
7.2111
8.0623
4.2426
5.3852
10.0
19.6469
7.2801
2.2361
10.2956
2.2361
3.1623
7.0711
6.0828
4.2426
5.0
8.544
4.4721
2.0
2.8284
2.8284
4.1231
7.0
8.0623
2.0
5.3852
5.099
2.2361
7.0711
7.2111
1.0
6.0828
6.4031
5.831
8.4853
6.0
4.2426
3.6056
3.6056
3.1623
1.4142
5.831
10.6301
5.831
2.2361
5.099
7.2801
3.6056
1.0
5.0
5.3852
3.1623
5.3852
3.6056
5.0
7.2111
4.4721
12.7279
4.4721
8.0623
3.1623
12.1655
5.3852
6.7082
2.2361
3.6056
3.6056
9.434
9.2195
3.6056
3.0
3.6056
1.0
4.1231
3.0
4.4721
5.0
5.099
3.0
7.2801
1.0
4.4721
7.6158
12.3693
1.0
6.7082
2.2361
5.6569
4.4721
1.4142
3.1623
2.0
2.2361
3.6056
1.4142
2.8284
4.4721
5.3852
9.4868
5.831
3.6056
4.4721
2.8284
5.831
8.2462
2.0
2.2361
3.6056
6.4031
6.4031
5.831
2.2361
2.8284
5.0
1.4142
5.099
5.3852
5.0
7.2111
4.1231
10.6301
2.2361
8.544
4.4721
6.3246
6.3246
7.0711
5.0
7.2111
5.0
4.1231
3.6056
4.2426
2.2361
1.4142
1.0
1.4142
4.0
7.6158
3.1623
4.2426
1.0
7.0711
6.7082
10.8167
1.0
9.0554
6.0828
4.4721
6.7082
2.8284
7.0711
7.6158
5.3852
3.0
4.4721
1.4142
5.3852
4.2426
2.8284
5.0
3.1623
4.4721
2.2361
2.0
6.7082
6.3246
8.544
6.0
4.2426
3.1623
2.2361
5.099
4.4721
3.6056
6.3246
7.0
4.0
4.0
8.9443
3.6056
1.4142
1.4142
4.4721
4.0
4.4721
7.0711
6.7082
8.0623
4.4721
5.099
7.2801
4.0
5.099
4.0
2.2361
4.0
5.0
5.831
2.2361
7.2801
4.1231
7.2801
5.099
4.0
6.7082
2.2361
1.0
3.0
3.6056
9.8489
4.4721
6.4031
6.3246
5.099
7.0711
4.0
5.3852
6.0828
7.0711
8.0623
1.4142
5.0
6.0828
2.0
7.2111
5.0
7.2801
3.6056
6.4031
5.6569
4.4721
3.6056
3.6056
7.0711
3.6056
6.0828
5.0
1.0
5.099
6.3246
4.4721
4.0
2.2361
3.0
3.1623
4.0
4.2426
4.2426
2.8284
4.1231
3.1623
5.0
10.4403
1.0
1.0
4.4721
3.1623
5.3852
6.0
5.0
6.0828
3.1623
5.099
5.0
4.4721
11.6619
5.0
3.1623
7.0711
6.0
7.2111
8.544
2.2361
1.0
1.0
2.0
8.0623
5.831
1.0
8.4853
2.8284
3.0
1.4142
6.0828
8.544
2.8284
3.1623
6.7082
7.0711
6.7082
5.0
3.6056
1.4142
3.1623
3.1623
9.8489
4.2426
7.2801
8.0
3.6056
2.2361
7.0711
12.8062
6.0828
6.3246
2.8284
5.831
4.1231
6.3246
7.0711
3.6056
2.2361
6.0828
9.2195
7.0711
6.3246
5.0
4.0
2.2361
4.4721
8.544
10.2956
8.544
4.0
2.2361
4.4721
4.4721
5.099
6.4031
6.7082
5.099
5.099
3.1623
4.2426
5.6569
3.1623
5.0
9.0554
7.0
2.2361
5.3852
1.4142
8.0623
5.3852
1.0
8.2462
3.6056
3.1623
4.1231
1.0
2.0
4.1231
5.3852
4.2426
7.0711
7.8102
9.0554
3.1623
7.6158
5.0
7.0
3.6056
1.0
4.4721
5.099
12.8062
2.8284
8.9443
8.544
1.0
9.0554
4.1231
7.8102
7.6158
3.6056
2.2361
2.2361
4.0
4.4721
2.2361
10.198
11.4018
4.4721
3.1623
6.0828
3.6056
9.434
5.3852
4.4721
8.2462
2.2361
3.1623
5.0
2.0
4.0
5.0
6.4031
5.0
4.4721
5.0
7.0
3.0
6.3246
1.0
6.3246
6.7082
6.7082
3.1623
9.4868
1.4142
5.6569
2.2361
3.1623
4.0
2.0
4.0
3.1623
5.099
4.2426
3.6056
5.0
2.0
6.0828
5.0
5.099
1.0
3.6056
6.0
6.4031
5.099
1.4142
7.0711
1.0
7.2111
3.6056
4.1231
2.2361
5.0
8.544
2.0
6.4031
7.8102
5.6569
5.0
5.3852
3.1623
5.3852
6.4031
2.0
0.0
10.8167
6.3246
3.1623
3.6056
4.2426
4.1231
5.0
1.4142
2.0
2.0
9.2195
12.1655
5.099
3.1623
9.0554
2.2361
4.1231
4.4721
3.0
6.0828
2.2361
1.0
2.2361
4.2426
3.6056
2.0
5.3852
5.6569
0.0
3.1623
4.1231
10.7703
4.2426
4.1231
6.4031
5.0
1.4142
5.3852
3.6056
3.1623
5.099
7.6158
6.3246
5.3852
3.1623
2.0
4.0
4.4721
8.0623
8.0623
3.1623
1.0
1.0
4.0
2.2361
2.2361
3.1623
3.6056
2.0
4.4721
2.2361
2.0
6.0
3.1623
3.6056
2.2361
2.0
2.0
6.0
3.1623
6.7082
4.2426
6.7082
1.0
5.831
5.099
6.0828
6.3246
3.1623
3.6056
8.6023
3.1623
2.2361
7.2111
6.0828
5.831
10.0
6.0828
5.0
2.2361
4.2426
1.4142
6.0828
1.0
2.2361
3.0
5.831
4.1231
2.2361
1.4142
1.4142
3.6056
4.0
0.0
2.0
7.0
5.6569
5.0
2.8284
5.0
5.3852
1.4142
3.6056
5.099
7.0711
6.0
7.0711
1.0
6.4031
3.6056
9.2195
18.0
6.3246
8.4853
11.1803
4.0
3.6056
12.0416
6.4031
7.0711
6.4031
8.0623
0.0
8.544
6.0828
8.0623
3.0
3.0
2.8284
1.4142
6.3246
5.3852
8.4853
4.1231
3.6056
2.2361
3.6056
3.6056
7.0711
5.0
1.4142
2.8284
2.0
2.0
4.0
2.8284
3.6056
5.099
6.0
3.0
6.3246
1.4142
5.0
6.7082
5.3852
4.2426
4.0
7.0711
5.0
8.0623
5.0
1.4142
5.3852
1.4142
7.2111
4.0
1.4142
12.2066
5.3852
6.0
2.0
2.2361
7.8102
5.831
4.1231
7.2801
9.434
1.4142
8.2462
6.3246
8.2462
1.0
3.6056
3.1623
4.2426
4.1231
5.0
4.1231
3.1623
10.7703
1.0
5.099
2.0
4.1231
7.2111
1.0
3.1623
5.0
1.0
6.0828
6.0828
2.0
5.831
8.0623
5.0
4.4721
8.2462
2.8284
7.6158
3.0
3.0
1.4142
8.0623
4.4721
3.6056
2.8284
